2057009011
2057009057
2057009069
2057009081
2057009107
2057009113
2057009131
2057009177
2057009203
2057009233
2057009261
2057009263
2057009267
2057009281
2057009287
2057009321
2057009323
2057009327
2057009351
2057009417
2057009443
2057009489
2057009497
2057009519
2057009551
2057010573
2057009579
2057009588
2057009611
2057009621
2057009627
2057009629
2057009687
2057009693
2057009737
2055009777
2057009803
2057009869
2057009873
2057009879
2057009887
2057009891
2057009897
2057009909
2057009917
2057009921
2057009923
2057009957
2057009989
2057010023